%YAML:1.0
aruco_bc_nmarkers: 112
aruco_bc_mInfoType: 1
aruco_bc_markers:
   - { id:212, corners:[ [ -8.3000001907348633e+00,
       -4.6999998092651367e+00, 0. ], [ -7.2999997138977051e+00,
       -4.6999998092651367e+00, 0. ], [ -7.2999997138977051e+00,
       -3.6999998092651367e+00, 0. ], [ -8.3000001907348633e+00,
       -3.6999998092651367e+00, 0. ] ] }
   - { id:822, corners:[ [ -7.0999999046325684e+00,
       -4.6999998092651367e+00, 0. ], [ -6.0999999046325684e+00,
       -4.6999998092651367e+00, 0. ], [ -6.0999999046325684e+00,
       -3.6999998092651367e+00, 0. ], [ -7.0999999046325684e+00,
       -3.6999998092651367e+00, 0. ] ] }
   - { id:690, corners:[ [ -5.9000000953674316e+00,
       -4.6999998092651367e+00, 0. ], [ -4.9000000953674316e+00,
       -4.6999998092651367e+00, 0. ], [ -4.9000000953674316e+00,
       -3.6999998092651367e+00, 0. ], [ -5.9000000953674316e+00,
       -3.6999998092651367e+00, 0. ] ] }
   - { id:104, corners:[ [ -4.6999998092651367e+00,
       -4.6999998092651367e+00, 0. ], [ -3.6999998092651367e+00,
       -4.6999998092651367e+00, 0. ], [ -3.6999998092651367e+00,
       -3.6999998092651367e+00, 0. ], [ -4.6999998092651367e+00,
       -3.6999998092651367e+00, 0. ] ] }
   - { id:60, corners:[ [ -3.5000000000000000e+00,
       -4.6999998092651367e+00, 0. ], [ -2.5000000000000000e+00,
       -4.6999998092651367e+00, 0. ], [ -2.5000000000000000e+00,
       -3.6999998092651367e+00, 0. ], [ -3.5000000000000000e+00,
       -3.6999998092651367e+00, 0. ] ] }
   - { id:738, corners:[ [ -2.2999999523162842e+00,
       -4.6999998092651367e+00, 0. ], [ -1.2999999523162842e+00,
       -4.6999998092651367e+00, 0. ], [ -1.2999999523162842e+00,
       -3.6999998092651367e+00, 0. ], [ -2.2999999523162842e+00,
       -3.6999998092651367e+00, 0. ] ] }
   - { id:21, corners:[ [ -1.1000000238418579e+00,
       -4.6999998092651367e+00, 0. ], [ -9.9999994039535522e-02,
       -4.6999998092651367e+00, 0. ], [ -9.9999994039535522e-02,
       -3.6999998092651367e+00, 0. ], [ -1.1000000238418579e+00,
       -3.6999998092651367e+00, 0. ] ] }
   - { id:102, corners:[ [ 9.9999994039535522e-02,
       -4.6999998092651367e+00, 0. ], [ 1.1000000238418579e+00,
       -4.6999998092651367e+00, 0. ], [ 1.1000000238418579e+00,
       -3.6999998092651367e+00, 0. ], [ 9.9999994039535522e-02,
       -3.6999998092651367e+00, 0. ] ] }
   - { id:309, corners:[ [ 1.2999999523162842e+00,
       -4.6999998092651367e+00, 0. ], [ 2.2999999523162842e+00,
       -4.6999998092651367e+00, 0. ], [ 2.2999999523162842e+00,
       -3.6999998092651367e+00, 0. ], [ 1.2999999523162842e+00,
       -3.6999998092651367e+00, 0. ] ] }
   - { id:190, corners:[ [ 2.5000000000000000e+00,
       -4.6999998092651367e+00, 0. ], [ 3.5000000000000000e+00,
       -4.6999998092651367e+00, 0. ], [ 3.5000000000000000e+00,
       -3.6999998092651367e+00, 0. ], [ 2.5000000000000000e+00,
       -3.6999998092651367e+00, 0. ] ] }
   - { id:873, corners:[ [ 3.6999998092651367e+00,
       -4.6999998092651367e+00, 0. ], [ 4.6999998092651367e+00,
       -4.6999998092651367e+00, 0. ], [ 4.6999998092651367e+00,
       -3.6999998092651367e+00, 0. ], [ 3.6999998092651367e+00,
       -3.6999998092651367e+00, 0. ] ] }
   - { id:220, corners:[ [ 4.9000000953674316e+00,
       -4.6999998092651367e+00, 0. ], [ 5.9000000953674316e+00,
       -4.6999998092651367e+00, 0. ], [ 5.9000000953674316e+00,
       -3.6999998092651367e+00, 0. ], [ 4.9000000953674316e+00,
       -3.6999998092651367e+00, 0. ] ] }
   - { id:969, corners:[ [ 6.0999999046325684e+00,
       -4.6999998092651367e+00, 0. ], [ 7.0999999046325684e+00,
       -4.6999998092651367e+00, 0. ], [ 7.0999999046325684e+00,
       -3.6999998092651367e+00, 0. ], [ 6.0999999046325684e+00,
       -3.6999998092651367e+00, 0. ] ] }
   - { id:618, corners:[ [ 7.2999997138977051e+00,
       -4.6999998092651367e+00, 0. ], [ 8.3000001907348633e+00,
       -4.6999998092651367e+00, 0. ], [ 8.3000001907348633e+00,
       -3.6999998092651367e+00, 0. ], [ 7.2999997138977051e+00,
       -3.6999998092651367e+00, 0. ] ] }
   - { id:546, corners:[ [ -8.3000001907348633e+00,
       -3.5000000000000000e+00, 0. ], [ -7.2999997138977051e+00,
       -3.5000000000000000e+00, 0. ], [ -7.2999997138977051e+00,
       -2.5000000000000000e+00, 0. ], [ -8.3000001907348633e+00,
       -2.5000000000000000e+00, 0. ] ] }
   - { id:856, corners:[ [ -7.0999999046325684e+00,
       -3.5000000000000000e+00, 0. ], [ -6.0999999046325684e+00,
       -3.5000000000000000e+00, 0. ], [ -6.0999999046325684e+00,
       -2.5000000000000000e+00, 0. ], [ -7.0999999046325684e+00,
       -2.5000000000000000e+00, 0. ] ] }
   - { id:251, corners:[ [ -5.9000000953674316e+00,
       -3.5000000000000000e+00, 0. ], [ -4.9000000953674316e+00,
       -3.5000000000000000e+00, 0. ], [ -4.9000000953674316e+00,
       -2.5000000000000000e+00, 0. ], [ -5.9000000953674316e+00,
       -2.5000000000000000e+00, 0. ] ] }
   - { id:327, corners:[ [ -4.6999998092651367e+00,
       -3.5000000000000000e+00, 0. ], [ -3.6999998092651367e+00,
       -3.5000000000000000e+00, 0. ], [ -3.6999998092651367e+00,
       -2.5000000000000000e+00, 0. ], [ -4.6999998092651367e+00,
       -2.5000000000000000e+00, 0. ] ] }
   - { id:539, corners:[ [ -3.5000000000000000e+00,
       -3.5000000000000000e+00, 0. ], [ -2.5000000000000000e+00,
       -3.5000000000000000e+00, 0. ], [ -2.5000000000000000e+00,
       -2.5000000000000000e+00, 0. ], [ -3.5000000000000000e+00,
       -2.5000000000000000e+00, 0. ] ] }
   - { id:933, corners:[ [ -2.2999999523162842e+00,
       -3.5000000000000000e+00, 0. ], [ -1.2999999523162842e+00,
       -3.5000000000000000e+00, 0. ], [ -1.2999999523162842e+00,
       -2.5000000000000000e+00, 0. ], [ -2.2999999523162842e+00,
       -2.5000000000000000e+00, 0. ] ] }
   - { id:662, corners:[ [ -1.1000000238418579e+00,
       -3.5000000000000000e+00, 0. ], [ -9.9999994039535522e-02,
       -3.5000000000000000e+00, 0. ], [ -9.9999994039535522e-02,
       -2.5000000000000000e+00, 0. ], [ -1.1000000238418579e+00,
       -2.5000000000000000e+00, 0. ] ] }
   - { id:337, corners:[ [ 9.9999994039535522e-02,
       -3.5000000000000000e+00, 0. ], [ 1.1000000238418579e+00,
       -3.5000000000000000e+00, 0. ], [ 1.1000000238418579e+00,
       -2.5000000000000000e+00, 0. ], [ 9.9999994039535522e-02,
       -2.5000000000000000e+00, 0. ] ] }
   - { id:533, corners:[ [ 1.2999999523162842e+00,
       -3.5000000000000000e+00, 0. ], [ 2.2999999523162842e+00,
       -3.5000000000000000e+00, 0. ], [ 2.2999999523162842e+00,
       -2.5000000000000000e+00, 0. ], [ 1.2999999523162842e+00,
       -2.5000000000000000e+00, 0. ] ] }
   - { id:892, corners:[ [ 2.5000000000000000e+00,
       -3.5000000000000000e+00, 0. ], [ 3.5000000000000000e+00,
       -3.5000000000000000e+00, 0. ], [ 3.5000000000000000e+00,
       -2.5000000000000000e+00, 0. ], [ 2.5000000000000000e+00,
       -2.5000000000000000e+00, 0. ] ] }
   - { id:477, corners:[ [ 3.6999998092651367e+00,
       -3.5000000000000000e+00, 0. ], [ 4.6999998092651367e+00,
       -3.5000000000000000e+00, 0. ], [ 4.6999998092651367e+00,
       -2.5000000000000000e+00, 0. ], [ 3.6999998092651367e+00,
       -2.5000000000000000e+00, 0. ] ] }
   - { id:510, corners:[ [ 4.9000000953674316e+00,
       -3.5000000000000000e+00, 0. ], [ 5.9000000953674316e+00,
       -3.5000000000000000e+00, 0. ], [ 5.9000000953674316e+00,
       -2.5000000000000000e+00, 0. ], [ 4.9000000953674316e+00,
       -2.5000000000000000e+00, 0. ] ] }
   - { id:414, corners:[ [ 6.0999999046325684e+00,
       -3.5000000000000000e+00, 0. ], [ 7.0999999046325684e+00,
       -3.5000000000000000e+00, 0. ], [ 7.0999999046325684e+00,
       -2.5000000000000000e+00, 0. ], [ 6.0999999046325684e+00,
       -2.5000000000000000e+00, 0. ] ] }
   - { id:329, corners:[ [ 7.2999997138977051e+00,
       -3.5000000000000000e+00, 0. ], [ 8.3000001907348633e+00,
       -3.5000000000000000e+00, 0. ], [ 8.3000001907348633e+00,
