%YAML:1.0
aruco_bc_nmarkers: 200
aruco_bc_mInfoType: 0
aruco_bc_markers:
   - { id:726, corners:[ [ -2380., -1180., 0. ], [ -2180., -1180., 0. ],
       [ -2180., -980., 0. ], [ -2380., -980., 0. ] ] }
   - { id:787, corners:[ [ -2140., -1180., 0. ], [ -1940., -1180., 0. ],
       [ -1940., -980., 0. ], [ -2140., -980., 0. ] ] }
   - { id:333, corners:[ [ -1900., -1180., 0. ], [ -1700., -1180., 0. ],
       [ -1700., -980., 0. ], [ -1900., -980., 0. ] ] }
   - { id:169, corners:[ [ -1660., -1180., 0. ], [ -1460., -1180., 0. ],
       [ -1460., -980., 0. ], [ -1660., -980., 0. ] ] }
   - { id:228, corners:[ [ -1420., -1180., 0. ], [ -1220., -1180., 0. ],
       [ -1220., -980., 0. ], [ -1420., -980., 0. ] ] }
   - { id:959, corners:[ [ -1180., -1180., 0. ], [ -980., -1180., 0. ],
       [ -980., -980., 0. ], [ -1180., -980., 0. ] ] }
   - { id:613, corners:[ [ -940., -1180., 0. ], [ -740., -1180., 0. ], [
       -740., -980., 0. ], [ -940., -980., 0. ] ] }
   - { id:115, corners:[ [ -700., -1180., 0. ], [ -500., -1180., 0. ], [
       -500., -980., 0. ], [ -700., -980., 0. ] ] }
   - { id:459, corners:[ [ -460., -1180., 0. ], [ -260., -1180., 0. ], [
       -260., -980., 0. ], [ -460., -980., 0. ] ] }
   - { id:582, corners:[ [ -220., -1180., 0. ], [ -20., -1180., 0. ], [
       -20., -980., 0. ], [ -220., -980., 0. ] ] }
   - { id:905, corners:[ [ 20., -1180., 0. ], [ 220., -1180., 0. ], [
       220., -980., 0. ], [ 20., -980., 0. ] ] }
   - { id:442, corners:[ [ 260., -1180., 0. ], [ 460., -1180., 0. ], [
       460., -980., 0. ], [ 260., -980., 0. ] ] }
   - { id:851, corners:[ [ 500., -1180., 0. ], [ 700., -1180., 0. ], [
       700., -980., 0. ], [ 500., -980., 0. ] ] }
   - { id:774, corners:[ [ 740., -1180., 0. ], [ 940., -1180., 0. ], [
       940., -980., 0. ], [ 740., -980., 0. ] ] }
   - { id:479, corners:[ [ 980., -1180., 0. ], [ 1180., -1180., 0. ], [
       1180., -980., 0. ], [ 980., -980., 0. ] ] }
   - { id:593, corners:[ [ 1220., -1180., 0. ], [ 1420., -1180., 0. ], [
       1420., -980., 0. ], [ 1220., -980., 0. ] ] }
   - { id:23, corners:[ [ 1460., -1180., 0. ], [ 1660., -1180., 0. ], [
       1660., -980., 0. ], [ 1460., -980., 0. ] ] }
   - { id:238, corners:[ [ 1700., -1180., 0. ], [ 1900., -1180., 0. ], [
       1900., -980., 0. ], [ 1700., -980., 0. ] ] }
   - { id:952, corners:[ [ 1940., -1180., 0. ], [ 2140., -1180., 0. ], [
       2140., -980., 0. ], [ 1940., -980., 0. ] ] }
   - { id:517, corners:[ [ 2180., -1180., 0. ], [ 2380., -1180., 0. ], [
       2380., -980., 0. ], [ 2180., -980., 0. ] ] }
   - { id:605, corners:[ [ -2380., -940., 0. ], [ -2180., -940., 0. ], [
       -2180., -740., 0. ], [ -2380., -740., 0. ] ] }
   - { id:196, corners:[ [ -2140., -940., 0. ], [ -1940., -940., 0. ], [
       -1940., -740., 0. ], [ -2140., -740., 0. ] ] }
   - { id:695, corners:[ [ -1900., -940., 0. ], [ -1700., -940., 0. ], [
       -1700., -740., 0. ], [ -1900., -740., 0. ] ] }
   - { id:377, corners:[ [ -1660., -940., 0. ], [ -1460., -940., 0. ], [
       -1460., -740., 0. ], [ -1660., -740., 0. ] ] }
   - { id:924, corners:[ [ -1420., -940., 0. ], [ -1220., -940., 0. ], [
       -1220., -740., 0. ], [ -1420., -740., 0. ] ] }
   - { id:245, corners:[ [ -1180., -940., 0. ], [ -980., -940., 0. ], [
       -980., -740., 0. ], [ -1180., -740., 0. ] ] }
   - { id:375, corners:[ [ -940., -940., 0. ], [ -740., -940., 0. ], [
       -740., -740., 0. ], [ -940., -740., 0. ] ] }
   - { id:250, corners:[ [ -700., -940., 0. ], [ -500., -940., 0. ], [
       -500., -740., 0. ], [ -700., -740., 0. ] ] }
   - { id:645, corners:[ [ -460., -940., 0. ], [ -260., -940., 0. ], [
       -260., -740., 0. ], [ -460., -740., 0. ] ] }
   - { id:777, corners:[ [ -220., -940., 0. ], [ -20., -940., 0. ], [
       -20., -740., 0. ], [ -220., -740., 0. ] ] }
   - { id:398, corners:[ [ 20., -940., 0. ], [ 220., -940., 0. ], [ 220.,
       -740., 0. ], [ 20., -740., 0. ] ] }
   - { id:569, corners:[ [ 260., -940., 0. ], [ 460., -940., 0. ], [
       460., -740., 0. ], [ 260., -740., 0. ] ] }
   - { id:670, corners:[ [ 500., -940., 0. ], [ 700., -940., 0. ], [
       700., -740., 0. ], [ 500., -740., 0. ] ] }
   - { id:965, corners:[ [ 740., -940., 0. ], [ 940., -940., 0. ], [
       940., -740., 0. ], [ 740., -740., 0. ] ] }
   - { id:76, corners:[ [ 980., -940., 0. ], [ 1180., -940., 0. ], [
       1180., -740., 0. ], [ 980., -740., 0. ] ] }
   - { id:1002, corners:[ [ 1220., -940., 0. ], [ 1420., -940., 0. ], [
       1420., -740., 0. ], [ 1220., -740., 0. ] ] }
   - { id:521, corners:[ [ 1460., -940., 0. ], [ 1660., -940., 0. ], [
       1660., -740., 0. ], [ 1460., -740., 0. ] ] }
   - { id:308, corners:[ [ 1700., -940., 0. ], [ 1900., -940., 0. ], [
       1900., -740., 0. ], [ 1700., -740., 0. ] ] }
   - { id:990, corners:[ [ 1940., -940., 0. ], [ 2140., -940., 0. ], [
       2140., -740., 0. ], [ 1940., -740., 0. ] ] }
   - { id:363, corners:[ [ 2180., -940., 0. ], [ 2380., -940., 0. ], [
       2380., -740., 0. ], [ 2180., -740., 0. ] ] }
   - { id:482, corners:[ [ -2380., -700., 0. ], [ -2180., -700., 0. ], [
       -2180., -500., 0. ], [ -2380., -500., 0. ] ] }
   - { id:972, corners:[ [ -2140., -700., 0. ], [ -1940., -700., 0. ], [
       -1940., -500., 0. ], [ -2140., -500., 0. ] ] }
   - { id:672, corners:[ [ -1900., -700., 0. ], [ -1700., -700., 0. ], [
       -1700., -500., 0. ], [ -1900., -500., 0. ] ] }
   - { id:917, corners:[ [ -1660., -700., 0. ], [ -1460., -700., 0. ], [
       -1460., -500., 0. ], [ -1660., -500., 0. ] ] }
   - { id:7, corners:[ [ -1420., -700., 0. ], [ -1220., -700., 0. ], [
       -1220., -500., 0. ], [ -1420., -500., 0. ] ] }
   - { id:878, corners:[ [ -1180., -700., 0. ], [ -980., -700., 0. ], [
       -980., -500., 0. ], [ -1180., -500., 0. ] ] }
   - { id:588, corners:[ [ -940., -700., 0. ], [ -740., -700., 0. ], [
       -740., -500., 0. ], [ -940., -500., 0. ] ] }
   - { id:326, corners:[ [ -700., -700., 0. ], [ -500., -700., 0. ], [
       -500., -500., 0. ], [ -700., -500., 0. ] ] }
   - { id:433, corners:[ [ -460., -700., 0. ], [ -260., -700., 0. ], [
       -260., -500., 0. ], [ -460., -500., 0. ] ] }
   - { id:839, corners:[ [ -220., -700., 0. ], [ -20., -700., 0. ], [
       -20., -500., 0. ], [ -220., -500., 0. ] ] }
   - { id:283, corners:[ [ 20., -700., 0. ], [ 220., -700., 0. ], [ 220.,
       -500., 0. ], [ 20., -500., 0. ] ] }
   - { id:693, corners:[ [ 260., -700., 0. ], [ 460., -700., 0. ], [
       460., -500., 0. ], [ 260., -500., 0. ] ] }
   - { id:14, corners:[ [ 500., -700., 0. ], [ 700., -700., 0. ], [ 700.,
       -500., 0. ], [ 500., -500., 0. ] ] }
   - { id:992, corners:[ [ 740., -700., 0. ], [ 940., -700., 0. ], [
       940., -500., 0. ], [ 740., -500., 0. ] ] }
   - { id:231, corners:[ [ 980., -700., 0. ], [ 1180., -700., 0. ], [
       1180., -500., 0. ], [ 980., -500., 0. ] ] }
   - { id:511, corners:[ [ 1220., -700., 0. ], [ 1420., -700., 0. ], [
       1420., -500., 0. ], [ 1220., -500., 0. ] ] }
   - { id:167, corners:[ [ 1460., -700., 0. ], [ 1660., -700., 0. ], [
       1660., -500., 0. ], [ 1460., -500., 0. ] ] }
   - { id:743, corners:[ [ 1700., -700., 0. ], [ 1900., -700., 0. ], [
       1900., -500., 0. ], [ 1700., -500., 0. ] ] }
   - { id:728, corners:[ [ 1940., -700., 0. ], [ 2140., -700., 0. ], [
       2140., -500., 0. ], [ 1940., -500., 0. ] ] }
   - { id:97, corners:[ [ 2180., -700., 0. ], [ 2380., -700., 0. ], [
       2380., -500., 0. ], [ 2180., -500., 0. ] ] }
   - { id:692, corners:[ [ -2380., -460., 0. ], [ -2180., -460., 0. ], [
       -2180., -260., 0. ], [ -2380., -260., 0. ] ] }
   - { id:43, corners:[ [ -2140., -460., 0. ], [ -1940., -460., 0. ], [
       -1940., -260., 0. ], [ -2140., -260., 0. ] ] }
   - { id:679, corners:[ [ -1900., -460., 0. ], [ -1700., -460., 0. ], [
       -1700., -260., 0. ], [ -1900., -260., 0. ] ] }
   - { id:82, corners:[ [ -1660., -460., 0. ], [ -1460., -460., 0. ], [
       -1460., -260., 0. ], [ -1660., -260., 0. ] ] }
