%YAML:1.0
aruco_bc_nmarkers: 23
aruco_bc_mInfoType: 1
aruco_bc_markers:
   - { id:985, corners:[ [ -2.3000001907348633e+00,
       -3.5000002384185791e+00, 0. ], [ -1.3000000715255737e+00,
       -3.5000002384185791e+00, 0. ], [ -1.3000000715255737e+00,
       -2.5000002384185791e+00, 0. ], [ -2.3000001907348633e+00,
       -2.5000002384185791e+00, 0. ] ] }
   - { id:838, corners:[ [ -1.1000000238418579e+00,
       -3.5000002384185791e+00, 0. ], [ -1.0000000149011612e-01,
       -3.5000002384185791e+00, 0. ], [ -1.0000000149011612e-01,
       -2.5000002384185791e+00, 0. ], [ -1.1000000238418579e+00,
       -2.5000002384185791e+00, 0. ] ] }
   - { id:908, corners:[ [ 1.0000000149011612e-01,
       -3.5000002384185791e+00, 0. ], [ 1.1000000238418579e+00,
       -3.5000002384185791e+00, 0. ], [ 1.1000000238418579e+00,
       -2.5000002384185791e+00, 0. ], [ 1.0000000149011612e-01,
       -2.5000002384185791e+00, 0. ] ] }
   - { id:299, corners:[ [ 1.3000000715255737e+00,
       -3.5000002384185791e+00, 0. ], [ 2.3000001907348633e+00,
       -3.5000002384185791e+00, 0. ], [ 2.3000001907348633e+00,
       -2.5000002384185791e+00, 0. ], [ 1.3000000715255737e+00,
       -2.5000002384185791e+00, 0. ] ] }
   - { id:428, corners:[ [ -2.3000001907348633e+00,
       -2.3000001907348633e+00, 0. ], [ -1.3000000715255737e+00,
       -2.3000001907348633e+00, 0. ], [ -1.3000000715255737e+00,
       -1.3000000715255737e+00, 0. ], [ -2.3000001907348633e+00,
       -1.3000000715255737e+00, 0. ] ] }
   - { id:177, corners:[ [ -1.1000000238418579e+00,
       -2.3000001907348633e+00, 0. ], [ -1.0000000149011612e-01,
       -2.3000001907348633e+00, 0. ], [ -1.0000000149011612e-01,
       -1.3000000715255737e+00, 0. ], [ -1.1000000238418579e+00,
       -1.3000000715255737e+00, 0. ] ] }
   - { id:64, corners:[ [ 1.0000000149011612e-01,
       -2.3000001907348633e+00, 0. ], [ 1.1000000238418579e+00,
       -2.3000001907348633e+00, 0. ], [ 1.1000000238418579e+00,
       -1.3000000715255737e+00, 0. ], [ 1.0000000149011612e-01,
       -1.3000000715255737e+00, 0. ] ] }
   - { id:341, corners:[ [ 1.3000000715255737e+00,
       -2.3000001907348633e+00, 0. ], [ 2.3000001907348633e+00,
       -2.3000001907348633e+00, 0. ], [ 2.3000001907348633e+00,
       -1.3000000715255737e+00, 0. ], [ 1.3000000715255737e+00,
       -1.3000000715255737e+00, 0. ] ] }
   - { id:760, corners:[ [ -2.3000001907348633e+00,
       -1.1000000238418579e+00, 0. ], [ -1.3000000715255737e+00,
       -1.1000000238418579e+00, 0. ], [ -1.3000000715255737e+00,
       -1.0000000149011612e-01, 0. ], [ -2.3000001907348633e+00,
       -1.0000000149011612e-01, 0. ] ] }
   - { id:882, corners:[ [ -1.1000000238418579e+00,
       -1.1000000238418579e+00, 0. ], [ -1.0000000149011612e-01,
       -1.1000000238418579e+00, 0. ], [ -1.0000000149011612e-01,
       -1.0000000149011612e-01, 0. ], [ -1.1000000238418579e+00,
       -1.0000000149011612e-01, 0. ] ] }
   - { id:982, corners:[ [ 1.0000000149011612e-01,
       -1.1000000238418579e+00, 0. ], [ 1.1000000238418579e+00,
       -1.1000000238418579e+00, 0. ], [ 1.1000000238418579e+00,
       -1.0000000149011612e-01, 0. ], [ 1.0000000149011612e-01,
       -1.0000000149011612e-01, 0. ] ] }
   - { id:977, corners:[ [ 1.3000000715255737e+00,
       -1.1000000238418579e+00, 0. ], [ 2.3000001907348633e+00,
       -1.1000000238418579e+00, 0. ], [ 2.3000001907348633e+00,
       -1.0000000149011612e-01, 0. ], [ 1.3000000715255737e+00,
       -1.0000000149011612e-01, 0. ] ] }
   - { id:477, corners:[ [ -2.3000001907348633e+00,
       1.0000000149011612e-01, 0. ], [ -1.3000000715255737e+00,
       1.0000000149011612e-01, 0. ], [ -1.3000000715255737e+00,
       1.1000000238418579e+00, 0. ], [ -2.3000001907348633e+00,
       1.1000000238418579e+00, 0. ] ] }
   - { id:125, corners:[ [ -1.1000000238418579e+00,
       1.0000000149011612e-01, 0. ], [ -1.0000000149011612e-01,
       1.0000000149011612e-01, 0. ], [ -1.0000000149011612e-01,
       1.1000000238418579e+00, 0. ], [ -1.1000000238418579e+00,
       1.1000000238418579e+00, 0. ] ] }
   - { id:717, corners:[ [ 1.0000000149011612e-01,
       1.0000000149011612e-01, 0. ], [ 1.1000000238418579e+00,
       1.0000000149011612e-01, 0. ], [ 1.1000000238418579e+00,
       1.1000000238418579e+00, 0. ], [ 1.0000000149011612e-01,
       1.1000000238418579e+00, 0. ] ] }
   - { id:791, corners:[ [ 1.3000000715255737e+00,
       1.0000000149011612e-01, 0. ], [ 2.3000001907348633e+00,
       1.0000000149011612e-01, 0. ], [ 2.3000001907348633e+00,
       1.1000000238418579e+00, 0. ], [ 1.3000000715255737e+00,
       1.1000000238418579e+00, 0. ] ] }
   - { id:618, corners:[ [ -2.3000001907348633e+00,
       1.3000000715255737e+00, 0. ], [ -1.3000000715255737e+00,
       1.3000000715255737e+00, 0. ], [ -1.3000000715255737e+00,
       2.3000001907348633e+00, 0. ], [ -2.3000001907348633e+00,
       2.3000001907348633e+00, 0. ] ] }
   - { id:76, corners:[ [ -1.1000000238418579e+00,
       1.3000000715255737e+00, 0. ], [ -1.0000000149011612e-01,
       1.3000000715255737e+00, 0. ], [ -1.0000000149011612e-01,
       2.3000001907348633e+00, 0. ], [ -1.1000000238418579e+00,
       2.3000001907348633e+00, 0. ] ] }
   - { id:181, corners:[ [ 1.0000000149011612e-01,
       1.3000000715255737e+00, 0. ], [ 1.1000000238418579e+00,
       1.3000000715255737e+00, 0. ], [ 1.1000000238418579e+00,
       2.3000001907348633e+00, 0. ], [ 1.0000000149011612e-01,
       2.3000001907348633e+00, 0. ] ] }
   - { id:1005, corners:[ [ 1.3000000715255737e+00,
       1.3000000715255737e+00, 0. ], [ 2.3000001907348633e+00,
       1.3000000715255737e+00, 0. ], [ 2.3000001907348633e+00,
       2.3000001907348633e+00, 0. ], [ 1.3000000715255737e+00,
       2.3000001907348633e+00, 0. ] ] }
   - { id:175, corners:[ [ -2.3000001907348633e+00,
       2.5000002384185791e+00, 0. ], [ -1.3000000715255737e+00,
       2.5000002384185791e+00, 0. ], [ -1.3000000715255737e+00,
       3.5000002384185791e+00, 0. ], [ -2.3000001907348633e+00,
       3.5000002384185791e+00, 0. ] ] }
   - { id:684, corners:[ [ -1.1000000238418579e+00,
       2.5000002384185791e+00, 0. ], [ -1.0000000149011612e-01,
       2.5000002384185791e+00, 0. ], [ -1.0000000149011612e-01,
       3.5000002384185791e+00, 0. ], [ -1.1000000238418579e+00,
       3.5000002384185791e+00, 0. ] ] }
   - { id:233, corners:[ [ 1.0000000149011612e-01,
       2.5000002384185791e+00, 0. ], [ 1.1000000238418579e+00,
       2.5000002384185791e+00, 0. ], [ 1.1000000238418579e+00,
       3.5000002384185791e+00, 0. ], [ 1.0000000149011612e-01,
       3.5000002384185791e+00, 0. ] ] }
