%YAML:1.0
aruco_bc_nmarkers: 200
aruco_bc_mInfoType: 1
aruco_bc_markers:
   - { id:726, corners:[ [ -1.1899999618530273e+01,
       -5.9000000953674316e+00, 0. ], [ -1.0899999618530273e+01,
       -5.9000000953674316e+00, 0. ], [ -1.0899999618530273e+01,
       -4.9000000953674316e+00, 0. ], [ -1.1899999618530273e+01,
       -4.9000000953674316e+00, 0. ] ] }
   - { id:787, corners:[ [ -1.0699999809265137e+01,
       -5.9000000953674316e+00, 0. ], [ -9.6999998092651367e+00,
       -5.9000000953674316e+00, 0. ], [ -9.6999998092651367e+00,
       -4.9000000953674316e+00, 0. ], [ -1.0699999809265137e+01,
       -4.9000000953674316e+00, 0. ] ] }
   - { id:333, corners:[ [ -9.5000000000000000e+00,
       -5.9000000953674316e+00, 0. ], [ -8.5000000000000000e+00,
       -5.9000000953674316e+00, 0. ], [ -8.5000000000000000e+00,
       -4.9000000953674316e+00, 0. ], [ -9.5000000000000000e+00,
       -4.9000000953674316e+00, 0. ] ] }
   - { id:169, corners:[ [ -8.3000001907348633e+00,
       -5.9000000953674316e+00, 0. ], [ -7.2999997138977051e+00,
       -5.9000000953674316e+00, 0. ], [ -7.2999997138977051e+00,
       -4.9000000953674316e+00, 0. ], [ -8.3000001907348633e+00,
       -4.9000000953674316e+00, 0. ] ] }
   - { id:228, corners:[ [ -7.0999999046325684e+00,
       -5.9000000953674316e+00, 0. ], [ -6.0999999046325684e+00,
       -5.9000000953674316e+00, 0. ], [ -6.0999999046325684e+00,
       -4.9000000953674316e+00, 0. ], [ -7.0999999046325684e+00,
       -4.9000000953674316e+00, 0. ] ] }
   - { id:959, corners:[ [ -5.9000000953674316e+00,
       -5.9000000953674316e+00, 0. ], [ -4.9000000953674316e+00,
       -5.9000000953674316e+00, 0. ], [ -4.9000000953674316e+00,
       -4.9000000953674316e+00, 0. ], [ -5.9000000953674316e+00,
       -4.9000000953674316e+00, 0. ] ] }
   - { id:613, corners:[ [ -4.6999998092651367e+00,
       -5.9000000953674316e+00, 0. ], [ -3.6999998092651367e+00,
       -5.9000000953674316e+00, 0. ], [ -3.6999998092651367e+00,
       -4.9000000953674316e+00, 0. ], [ -4.6999998092651367e+00,
       -4.9000000953674316e+00, 0. ] ] }
   - { id:115, corners:[ [ -3.5000000000000000e+00,
       -5.9000000953674316e+00, 0. ], [ -2.5000000000000000e+00,
       -5.9000000953674316e+00, 0. ], [ -2.5000000000000000e+00,
       -4.9000000953674316e+00, 0. ], [ -3.5000000000000000e+00,
       -4.9000000953674316e+00, 0. ] ] }
   - { id:459, corners:[ [ -2.2999999523162842e+00,
       -5.9000000953674316e+00, 0. ], [ -1.2999999523162842e+00,
       -5.9000000953674316e+00, 0. ], [ -1.2999999523162842e+00,
       -4.9000000953674316e+00, 0. ], [ -2.2999999523162842e+00,
       -4.9000000953674316e+00, 0. ] ] }
   - { id:582, corners:[ [ -1.1000000238418579e+00,
       -5.9000000953674316e+00, 0. ], [ -9.9999994039535522e-02,
       -5.9000000953674316e+00, 0. ], [ -9.9999994039535522e-02,
       -4.9000000953674316e+00, 0. ], [ -1.1000000238418579e+00,
       -4.9000000953674316e+00, 0. ] ] }
   - { id:905, corners:[ [ 9.9999994039535522e-02,
       -5.9000000953674316e+00, 0. ], [ 1.1000000238418579e+00,
       -5.9000000953674316e+00, 0. ], [ 1.1000000238418579e+00,
       -4.9000000953674316e+00, 0. ], [ 9.9999994039535522e-02,
       -4.9000000953674316e+00, 0. ] ] }
   - { id:442, corners:[ [ 1.2999999523162842e+00,
       -5.9000000953674316e+00, 0. ], [ 2.2999999523162842e+00,
       -5.9000000953674316e+00, 0. ], [ 2.2999999523162842e+00,
       -4.9000000953674316e+00, 0. ], [ 1.2999999523162842e+00,
       -4.9000000953674316e+00, 0. ] ] }
   - { id:851, corners:[ [ 2.5000000000000000e+00,
       -5.9000000953674316e+00, 0. ], [ 3.5000000000000000e+00,
       -5.9000000953674316e+00, 0. ], [ 3.5000000000000000e+00,
       -4.9000000953674316e+00, 0. ], [ 2.5000000000000000e+00,
       -4.9000000953674316e+00, 0. ] ] }
   - { id:774, corners:[ [ 3.6999998092651367e+00,
       -5.9000000953674316e+00, 0. ], [ 4.6999998092651367e+00,
       -5.9000000953674316e+00, 0. ], [ 4.6999998092651367e+00,
       -4.9000000953674316e+00, 0. ], [ 3.6999998092651367e+00,
       -4.9000000953674316e+00, 0. ] ] }
   - { id:479, corners:[ [ 4.9000000953674316e+00,
       -5.9000000953674316e+00, 0. ], [ 5.9000000953674316e+00,
       -5.9000000953674316e+00, 0. ], [ 5.9000000953674316e+00,
       -4.9000000953674316e+00, 0. ], [ 4.9000000953674316e+00,
       -4.9000000953674316e+00, 0. ] ] }
   - { id:593, corners:[ [ 6.0999999046325684e+00,
       -5.9000000953674316e+00, 0. ], [ 7.0999999046325684e+00,
       -5.9000000953674316e+00, 0. ], [ 7.0999999046325684e+00,
       -4.9000000953674316e+00, 0. ], [ 6.0999999046325684e+00,
       -4.9000000953674316e+00, 0. ] ] }
   - { id:23, corners:[ [ 7.2999997138977051e+00,
       -5.9000000953674316e+00, 0. ], [ 8.3000001907348633e+00,
       -5.9000000953674316e+00, 0. ], [ 8.3000001907348633e+00,
       -4.9000000953674316e+00, 0. ], [ 7.2999997138977051e+00,
       -4.9000000953674316e+00, 0. ] ] }
   - { id:238, corners:[ [ 8.5000000000000000e+00,
       -5.9000000953674316e+00, 0. ], [ 9.5000000000000000e+00,
       -5.9000000953674316e+00, 0. ], [ 9.5000000000000000e+00,
       -4.9000000953674316e+00, 0. ], [ 8.5000000000000000e+00,
       -4.9000000953674316e+00, 0. ] ] }
   - { id:952, corners:[ [ 9.6999998092651367e+00,
       -5.9000000953674316e+00, 0. ], [ 1.0699999809265137e+01,
       -5.9000000953674316e+00, 0. ], [ 1.0699999809265137e+01,
       -4.9000000953674316e+00, 0. ], [ 9.6999998092651367e+00,
       -4.9000000953674316e+00, 0. ] ] }
   - { id:517, corners:[ [ 1.0899999618530273e+01,
       -5.9000000953674316e+00, 0. ], [ 1.1899999618530273e+01,
       -5.9000000953674316e+00, 0. ], [ 1.1899999618530273e+01,
       -4.9000000953674316e+00, 0. ], [ 1.0899999618530273e+01,
       -4.9000000953674316e+00, 0. ] ] }
   - { id:605, corners:[ [ -1.1899999618530273e+01,
       -4.6999998092651367e+00, 0. ], [ -1.0899999618530273e+01,
       -4.6999998092651367e+00, 0. ], [ -1.0899999618530273e+01,
       -3.6999998092651367e+00, 0. ], [ -1.1899999618530273e+01,
       -3.6999998092651367e+00, 0. ] ] }
   - { id:196, corners:[ [ -1.0699999809265137e+01,
       -4.6999998092651367e+00, 0. ], [ -9.6999998092651367e+00,
       -4.6999998092651367e+00, 0. ], [ -9.6999998092651367e+00,
       -3.6999998092651367e+00, 0. ], [ -1.0699999809265137e+01,
       -3.6999998092651367e+00, 0. ] ] }
   - { id:695, corners:[ [ -9.5000000000000000e+00,
       -4.6999998092651367e+00, 0. ], [ -8.5000000000000000e+00,
       -4.6999998092651367e+00, 0. ], [ -8.5000000000000000e+00,
       -3.6999998092651367e+00, 0. ], [ -9.5000000000000000e+00,
       -3.6999998092651367e+00, 0. ] ] }
   - { id:377, corners:[ [ -8.3000001907348633e+00,
       -4.6999998092651367e+00, 0. ], [ -7.2999997138977051e+00,
       -4.6999998092651367e+00, 0. ], [ -7.2999997138977051e+00,
       -3.6999998092651367e+00, 0. ], [ -8.3000001907348633e+00,
       -3.6999998092651367e+00, 0. ] ] }
   - { id:924, corners:[ [ -7.0999999046325684e+00,
       -4.6999998092651367e+00, 0. ], [ -6.0999999046325684e+00,
       -4.6999998092651367e+00, 0. ], [ -6.0999999046325684e+00,
       -3.6999998092651367e+00, 0. ], [ -7.0999999046325684e+00,
       -3.6999998092651367e+00, 0. ] ] }
   - { id:245, corners:[ [ -5.9000000953674316e+00,
       -4.6999998092651367e+00, 0. ], [ -4.9000000953674316e+00,
       -4.6999998092651367e+00, 0. ], [ -4.9000000953674316e+00,
       -3.6999998092651367e+00, 0. ], [ -5.9000000953674316e+00,
       -3.6999998092651367e+00, 0. ] ] }
   - { id:375, corners:[ [ -4.6999998092651367e+00,
       -4.6999998092651367e+00, 0. ], [ -3.6999998092651367e+00,
       -4.6999998092651367e+00, 0. ], [ -3.6999998092651367e+00,
       -3.6999998092651367e+00, 0. ], [ -4.6999998092651367e+00,
       -3.6999998092651367e+00, 0. ] ] }
   - { id:250, corners:[ [ -3.5000000000000000e+00,
       -4.6999998092651367e+00, 0. ], [ -2.5000000000000000e+00,
       -4.6999998092651367e+00, 0. ], [ -2.5000000000000000e+00,
