%YAML:1.0
aruco_bc_nmarkers: 23
aruco_bc_mInfoType: 1
aruco_bc_markers:
   - { id:320, corners:[ [ -3.5000000000000000e+00,
       -2.2999999523162842e+00, 0. ], [ -2.5000000000000000e+00,
       -2.2999999523162842e+00, 0. ], [ -2.5000000000000000e+00,
       -1.2999999523162842e+00, 0. ], [ -3.5000000000000000e+00,
       -1.2999999523162842e+00, 0. ] ] }
   - { id:972, corners:[ [ -2.2999999523162842e+00,
       -2.2999999523162842e+00, 0. ], [ -1.2999999523162842e+00,
       -2.2999999523162842e+00, 0. ], [ -1.2999999523162842e+00,
       -1.2999999523162842e+00, 0. ], [ -2.2999999523162842e+00,
       -1.2999999523162842e+00, 0. ] ] }
   - { id:468, corners:[ [ -1.1000000238418579e+00,
       -2.2999999523162842e+00, 0. ], [ -9.9999994039535522e-02,
       -2.2999999523162842e+00, 0. ], [ -9.9999994039535522e-02,
       -1.2999999523162842e+00, 0. ], [ -1.1000000238418579e+00,
       -1.2999999523162842e+00, 0. ] ] }
   - { id:557, corners:[ [ 9.9999994039535522e-02,
       -2.2999999523162842e+00, 0. ], [ 1.1000000238418579e+00,
       -2.2999999523162842e+00, 0. ], [ 1.1000000238418579e+00,
       -1.2999999523162842e+00, 0. ], [ 9.9999994039535522e-02,
       -1.2999999523162842e+00, 0. ] ] }
   - { id:150, corners:[ [ 1.2999999523162842e+00,
       -2.2999999523162842e+00, 0. ], [ 2.2999999523162842e+00,
       -2.2999999523162842e+00, 0. ], [ 2.2999999523162842e+00,
       -1.2999999523162842e+00, 0. ], [ 1.2999999523162842e+00,
       -1.2999999523162842e+00, 0. ] ] }
   - { id:881, corners:[ [ 2.5000000000000000e+00,
       -2.2999999523162842e+00, 0. ], [ 3.5000000000000000e+00,
       -2.2999999523162842e+00, 0. ], [ 3.5000000000000000e+00,
       -1.2999999523162842e+00, 0. ], [ 2.5000000000000000e+00,
       -1.2999999523162842e+00, 0. ] ] }
   - { id:512, corners:[ [ -3.5000000000000000e+00,
       -1.1000000238418579e+00, 0. ], [ -2.5000000000000000e+00,
       -1.1000000238418579e+00, 0. ], [ -2.5000000000000000e+00,
       -9.9999994039535522e-02, 0. ], [ -3.5000000000000000e+00,
       -9.9999994039535522e-02, 0. ] ] }
   - { id:559, corners:[ [ -2.2999999523162842e+00,
       -1.1000000238418579e+00, 0. ], [ -1.2999999523162842e+00,
       -1.1000000238418579e+00, 0. ], [ -1.2999999523162842e+00,
       -9.9999994039535522e-02, 0. ], [ -2.2999999523162842e+00,
       -9.9999994039535522e-02, 0. ] ] }
   - { id:719, corners:[ [ -1.1000000238418579e+00,
       -1.1000000238418579e+00, 0. ], [ -9.9999994039535522e-02,
       -1.1000000238418579e+00, 0. ], [ -9.9999994039535522e-02,
       -9.9999994039535522e-02, 0. ], [ -1.1000000238418579e+00,
       -9.9999994039535522e-02, 0. ] ] }
   - { id:262, corners:[ [ 9.9999994039535522e-02,
       -1.1000000238418579e+00, 0. ], [ 1.1000000238418579e+00,
       -1.1000000238418579e+00, 0. ], [ 1.1000000238418579e+00,
       -9.9999994039535522e-02, 0. ], [ 9.9999994039535522e-02,
       -9.9999994039535522e-02, 0. ] ] }
   - { id:459, corners:[ [ 1.2999999523162842e+00,
       -1.1000000238418579e+00, 0. ], [ 2.2999999523162842e+00,
       -1.1000000238418579e+00, 0. ], [ 2.2999999523162842e+00,
       -9.9999994039535522e-02, 0. ], [ 1.2999999523162842e+00,
       -9.9999994039535522e-02, 0. ] ] }
   - { id:804, corners:[ [ 2.5000000000000000e+00,
       -1.1000000238418579e+00, 0. ], [ 3.5000000000000000e+00,
       -1.1000000238418579e+00, 0. ], [ 3.5000000000000000e+00,
       -9.9999994039535522e-02, 0. ], [ 2.5000000000000000e+00,
       -9.9999994039535522e-02, 0. ] ] }
   - { id:131, corners:[ [ -3.5000000000000000e+00,
       9.9999994039535522e-02, 0. ], [ -2.5000000000000000e+00,
       9.9999994039535522e-02, 0. ], [ -2.5000000000000000e+00,
       1.1000000238418579e+00, 0. ], [ -3.5000000000000000e+00,
       1.1000000238418579e+00, 0. ] ] }
   - { id:53, corners:[ [ -2.2999999523162842e+00,
       9.9999994039535522e-02, 0. ], [ -1.2999999523162842e+00,
       9.9999994039535522e-02, 0. ], [ -1.2999999523162842e+00,
       1.1000000238418579e+00, 0. ], [ -2.2999999523162842e+00,
       1.1000000238418579e+00, 0. ] ] }
   - { id:666, corners:[ [ -1.1000000238418579e+00,
       9.9999994039535522e-02, 0. ], [ -9.9999994039535522e-02,
       9.9999994039535522e-02, 0. ], [ -9.9999994039535522e-02,
       1.1000000238418579e+00, 0. ], [ -1.1000000238418579e+00,
       1.1000000238418579e+00, 0. ] ] }
   - { id:1004, corners:[ [ 9.9999994039535522e-02,
       9.9999994039535522e-02, 0. ], [ 1.1000000238418579e+00,
       9.9999994039535522e-02, 0. ], [ 1.1000000238418579e+00,
       1.1000000238418579e+00, 0. ], [ 9.9999994039535522e-02,
       1.1000000238418579e+00, 0. ] ] }
   - { id:233, corners:[ [ 1.2999999523162842e+00,
       9.9999994039535522e-02, 0. ], [ 2.2999999523162842e+00,
       9.9999994039535522e-02, 0. ], [ 2.2999999523162842e+00,
       1.1000000238418579e+00, 0. ], [ 1.2999999523162842e+00,
       1.1000000238418579e+00, 0. ] ] }
   - { id:567, corners:[ [ 2.5000000000000000e+00,
       9.9999994039535522e-02, 0. ], [ 3.5000000000000000e+00,
       9.9999994039535522e-02, 0. ], [ 3.5000000000000000e+00,
       1.1000000238418579e+00, 0. ], [ 2.5000000000000000e+00,
       1.1000000238418579e+00, 0. ] ] }
   - { id:906, corners:[ [ -3.5000000000000000e+00,
       1.2999999523162842e+00, 0. ], [ -2.5000000000000000e+00,
       1.2999999523162842e+00, 0. ], [ -2.5000000000000000e+00,
       2.2999999523162842e+00, 0. ], [ -3.5000000000000000e+00,
       2.2999999523162842e+00, 0. ] ] }
   - { id:186, corners:[ [ -2.2999999523162842e+00,
       1.2999999523162842e+00, 0. ], [ -1.2999999523162842e+00,
       1.2999999523162842e+00, 0. ], [ -1.2999999523162842e+00,
       2.2999999523162842e+00, 0. ], [ -2.2999999523162842e+00,
       2.2999999523162842e+00, 0. ] ] }
   - { id:119, corners:[ [ -1.1000000238418579e+00,
       1.2999999523162842e+00, 0. ], [ -9.9999994039535522e-02,
       1.2999999523162842e+00, 0. ], [ -9.9999994039535522e-02,
       2.2999999523162842e+00, 0. ], [ -1.1000000238418579e+00,
       2.2999999523162842e+00, 0. ] ] }
   - { id:434, corners:[ [ 9.9999994039535522e-02,
       1.2999999523162842e+00, 0. ], [ 1.1000000238418579e+00,
       1.2999999523162842e+00, 0. ], [ 1.1000000238418579e+00,
       2.2999999523162842e+00, 0. ], [ 9.9999994039535522e-02,
       2.2999999523162842e+00, 0. ] ] }
   - { id:466, corners:[ [ 1.2999999523162842e+00,
       1.2999999523162842e+00, 0. ], [ 2.2999999523162842e+00,
       1.2999999523162842e+00, 0. ], [ 2.2999999523162842e+00,
       2.2999999523162842e+00, 0. ], [ 1.2999999523162842e+00,
       2.2999999523162842e+00, 0. ] ] }
